8月	8月的值	9月份	回归树(8)	参考值(8)	模型树(8)	回归树1(7)	回归树2(7)	模型树1(7)	模型树2(7)	回归树1(6)	回归树2(6)	模型树1(6)	模型树2(6)	回归树1(5)	回归树2(5)	模型树1(5)	模型树2(5)	回归树1(4)	回归树2(4)	模型树1(4)	模型树2(4)
(5)5.000000		383261721	(1)1	 251531678			 	274644029    342452410   382758714  473096346   389591014                                                      199508465   187702391   400088489                426906476     423323138       434073153     506246568
(6)6.000000		152642871	(2)2	 251531678				270791970    342452410   382758714  385189970   346918435                                                      199508465   187702391   333228481                426906476     423323138       426906476     444949830
(7)7.000000		153852552	(3)3	 251531678				266939912    342452410   302146107  297283594   304245856                                                      199508465   187702391   266368473   117312797    419739799     423323138       419739799     383653092
(1)8.000000		255156765	(4)4	 251531678				263087853    214423850   206945962  209377218   261573277                                                      199508465   187702391   199508465   156402375    304313000     269898240       304313000     322356354
(2)9.000000		312744482	(5)5	 383261721			 	259235795    214423850   221901738  211959339   218900698                                                      132648457   187702391   132648457   195491953    235483481     269898240       235483481     231542182
(3)10.000000	268472542	(6)6	 152642871	152642871	255383737    163834702   163305583  183190381   176228119    145277096   161642215     112546858               230950251   187702391   219738975   234581531    172465169     180954121       172465169     180347768
(4)11.000000	254552759	(7)7	 153852552	161138635	251531678    163834702   164363821  154421422   133555540    145277096   161642215     145277096    145910959  297039794               319462346   273671109    133094653     180954121       133094653     129153354
(5)12.000000	228696992	(1)8	 255156765	240584600	247679620    285179698   330515506  313065806   314449637    178007334   161642215     178007334    197187493  430396993   350817868   419185717   398747379    237302542     180954121       240059567     240059567
(6)13.000000	146861549	(2)9	 312744482	320030565	243827561    285179698   239843889  274743288   287346746    288725935   284009306     288725935    248464027  325016818   350817868   325016818   388316045    359052160     411655893       353538109     353538109
(7)14.000000	163161655	(3)10	 268472542	270461873	276011696    266110938   253870470  236420770   260243854    279292676   284009306     279292676    299740561  409534324   381659762   409534324   377884710    464259626     411655893       467016651     467016651
(1)15.000000	284936264	(4)11	 254552759	250574098	244180398    266110938   278351407  278351407   233140963    307352016   282010736     307352016    297490776  353785199   381659762   353785199   335195795    326201653     301052048       326201653     317233535
(2)16.000000	261454648	(5)12	 228696992	230686323	212349099    176468489   236271059  236271059   206038071    256669457   282010736     256669457    249141053  265903687   233356442   265903687   287374353    275902444     301052048       275902444     273732939
(3)17.000000	261336821	(6)13	 146861549	146861549	180517801    176468489   149450480  149450480   178935180    156150805   167921648     156150805    200791330  226726030   233356442   226726030   239552910    198988979     202913233       198988979     230232343
(4)18.000000	247875515	(7)14	 163161655	163161655	148686503    176468489   143683928  143683928   151832288    179692490   167921648     179692490    152441607  207439610   233356442   207439610   191731468    206837487     202913233       206837487     186731746
(5)19.000000	268115099	(1)15	 284936264	281042299	296021575    273818770   247122647  247122647   292288789    442914574   416634056     447147736    423734128  286674470   322973054   286674470   312354367    359794403     348191019       356211211     368809644
(6)20.000000	158598431	(2)16	 261454648	269242578	275571295    273818770   300514894  300514894   271165275    390353538   416634056     381887214    378891397  359271637   322973054   359271637   310677892    341024634     348191019       348191019     341891802
(7)21.000000	160378372	(3)17	 261336821	257442856	255121015    266424230   277420590  284400853   250041761    312393529   279120293     316626691    334048666  288853619   296706256   300137758   309001418    343754020     348191019       340170828     314973960
(1)22.000000	284808524	(4)18	 247875515	247875515	234670736    266424230   255427869  241467343   228918246    267474244   279120293     267474244    289205934  304558894   296706256   281990616   307324943    269158467     284126967       269158467     288056118
(2)23.000000	237553058	(5)19	 268115099	268115099	214220456    173980575   191553571  198533834   207794732    257493105   279120293     257493105    244363203  252559336   177289734   263843475   222226573    299095467     284126967       299095467     266118429
(3)24.000000	210243977	(6)20	 158598431	158598431	193770176    173980575   154358110  154358110   186671218    152682905   176906274     152682905    199520471  116624209   177289734   116624209   177289734    131699130     146932075       131699130     197653206
(4)25.000000	233817156	(7)21	 160378372	160378372	173319897    173980575   176030044  176030044   165547704    201129644   176906274     201129644    154677740  162685658   177289734   162685658   132352895    162165020     146932075       162165020     129187982
(5)26.000000	182342650	(1)22	 284808524	281484127	274273189    232064051   240809088  240809088   249823713    338238122   333498034     346628261    351014144  351271646   318781618   348068462   333296439    375667184     321536246       375667184     355714669
(6)27.000000	155498187	(2)23	 237553058	244201853	251401484    232064051   223319014  223319014   245857364    328757947   333498034     311977669    318628487  286291589   318781618   292697957   301745740    267405308     321536246       267405308     303967306
(7)28.000000	135342968	(3)24	 210243977	206919580	228529779    271408340   282563569  282563569   241891015    268936937   275347618     277327076    286242829  240530637   256482704   237327453   270195041    265486397     263841490       265486397     252219943
(1)29.000000	284909642	(4)25	 233817156	233817156	205658074    271408340   260253110  260253110   237924666    281758300   275347618     281758300    253857171  272434771   256482704   272434771   238644342    203815611     263841490       203815611     200472580
(2)30.000000	241146644	(5)26	 182342650	182342650	182786369    187546952   202510294  207515399   233958317    228785080   186436297     228785080    221471513  200446560   171724785   200446560   207093643    322222461     263841490       302840929     302840929
(3)31.000000	227296546	(6)27	 155498187	155498187	159914664    187546952   197557162  187546952   202788060    185987734   186436297     185987734    189085855  144172270   171724785   144172270   154130746    186651202     177010169       225414266     225414266
(4)32.000000	241133650	(7)28	 135342968	135342968	137042960    187546952   162573401  167578506   215614785    144536077   186436297     144536077    156700198  170555524   171724785   170555524   186902635    167369136     177010169       147987604     147987604
(5)33.000000	216196590	(1)29	 284909642	284909642	267422402    290776678   257471816  257471816   228441510    306213694   293792859     309586339    316840132  267030750   256819976   259727879   219674524    288453412     274361878       302360938     302360938
(6)34.000000	185184903	(2)30	 241146644	241146644	254550569    290776678   324081539  324081539   241268235    300538150   293792859     293792859    290165963  246609201   256819976   261214943   252446413    302176929     274361878       274361878     274361878(7)35.000000	205780348