1.0	    1172257533
2.0	    1034756984
3.0	    1015477276
4.0	    1001575613
5.0	    849636038.6
6.0	    581371468.6
7.0	    571562135.1
8.0	    640657246.4
9.0	    1013666987
10.0	1077151002
11.0	935137511.9
12.0	784757334
13.0	552330208.6
14.0	568772068.3
15.0	1078927748
16.0	986241630
17.0	919426924.8
18.0	881258842.8
19.0	799904932.4
20.0	595279571.9
21.0	659135728
22.0	1097335203
23.0	1054906885
24.0	1046737486
25.0	991186780.8
26.0	801811749.2
27.0	578715941
28.0	1004926928
29.0	1171739182
30.0	980721574.7
	 