1	1093091222
2	926693242
3	852305388
4	623701916
5	341894852
6	456402127
7	782523603
8	991972881
9	1064150564
10	846163822
11	809807312
12	567002242
13	584200823
14	1118620195
15	1040810671
16	869093271
17	851757988
18	751459635
19	560775750
20	663922816
21	1062371043
22	905544882
23	1054022740
24	944967766
25	863185856
26	480359471
27	643976007
28	1106383527
29	894370025
30	761129230
31	353838677
32	388477236
33	603591698
34	1055224546
35	1008107208
36	1131318047
37	935810047
38	930169778
39	663111696
40	421426911
41	569188828
42	1149138669
43	1029146114
44	1031829159
45	952913519
46	761267069
47	634493111
48	632326858
49	1253371215
50	1058700731
51	842564229
52	847421768
53	672341659
54	594191835
55	683904643
56	1131983595
57	852759024
58	1069478302
59	929565855
60	821674693
61	486335199
62	510179061
63	526313376
64	1262849834
65	1011805928
66	956689776
67	840725163
68	520236581
69	539414916
70	991554728
71	958028076
72	849220391
73	878073690
74	711304989
75	584584153
76	647180585
77	1115064026
78	1130015079
79	1249375149
80	1125610758
81	1015111194
82	621729256
83	694468262
84	1468797041
85	1487077921
86	1273672648
87	1334529832
88	1079126114
89	746553542
90	931620037
91	1513804836
92	1152439615
93	1238475458
94	1065113399
95	721247030
96	632298301
97	550798204
98	1064665636
99	1013498905
100	1228887069
101	1064396479
102	733882032
103	633273805
104	556986336
105	1129795152
106	926324069
107	933710356
108	1018760950
109	830952813
110	632613700
111	719839198
112	1190369958
113	1312410471
114	1116484141
115	1125162507
116	711686622
117	578280477
118	607609483
119	1203257220
120	853300674
121	935698563
122	1135234949
123	870055896
124	490901486
125	662743001
126	884036613
127	897361213
128	947075352
129	882729873
130	851218048
131	484325037
132	580817826
133	984754135
134	920748714
135	975119140
136	705762970
137	884441565
138	566391077
139	585473885
140	922452477
141	855032325
142	943317343
143	839713550
144	835619837
145	656975450
146	701666873
147	1094037469
148	1111797355
149	1300270662
150	1149305485
151	991031071
152	702002710
153	758726116
